2025; 1; 20; 2; 16; 0
2025; 1; 21; 1; 13; 0.2
2025; 1; 22; 7; 17; 0.01
2025; 1; 23; 5; 14; 0
2025; 1; 24; 3; 12; 0
2025; 1; 25; 4; 15; 0.1
2025; 1; 26; 6; 18; 0
2025; 1; 27; 7; 19; 0
2025; 1; 28; 8; 20; 0.05
2025; 1; 29; 9; 21; 0
2025; 1; 30; 7; 18; 0
2025; 1; 31; 5; 16; 0.3
2025; 2; 1; 4; 14; 0
2025; 2; 2; 3; 13; 0
2025; 2; 3; 2; 12; 0.4
2025; 2; 4; 1; 11; 0.6
2025; 2; 5; 0; 10; 0.8
2025; 2; 6; 2; 13; 0.1
2025; 2; 7; 4; 15; 0
2025; 2; 8; 5; 17; 0
2025; 2; 9; 6; 18; 0.05
2025; 2; 10; 7; 19; 0
2025; 10; 23; 11; 17; 0.0
2025; 10; 25; 10; 16; 0.0
